[spectacular-new-york-city-manhattan-skyline-usa-hd-backgrounds.jpg]
filters=finetune2=1,0.000000,0.000000,0.000000,00000000,0.146199;Comicize=1,69.005844,54.970760,50.000000;
moddate=1688550875b0cf01
width=1280
height=768
textactive=0
